-110
-111
-112
-113
-114
-108
-109
-110
-111
-112
-113
-114
-115
-107
-108
-109
-110
-111
-112
-113
-114
-115
-116
-106
-107
-108
-109
-110
-111
-112
-113
-114
-115
-116
-106
-107
-108
-109
-110
-111
-112
-113
-114
-115
-116
-117
-106
-107
-108
-109
-110
-111
-112
-113
-114
-115
-116
-117
-106
-107
-108
-109
-110
-111
-112
-113
-114
-115
-116
-117
-118
-106
-107
-108
-109
-110
-111
-112
-113
-114
-115
-116
-117
-118
-119
-106
-107
-108
-109
-110
-111
-112
-113
-114
-115
-116
-117
-118
-119
-107
-108
-109
-110
-111
-112
-113
-114
-115
-116
-117
-118
-119
-120
-107
-108
-109
-110
-111
-112
-113
-114
-115
-116
-117
-118
-119
-120
-121
-107
-108
-109
-110
-111
-112
-113
-114
-115
-116
-117
-118
-119
-120
-121
-107
-108
-109
-110
-111
-112
-113
-114
-115
-116
-117
-118
-119
-120
-121
-122
-108
-109
-110
-111
-112
-113
-114
-115
-116
-117
-118
-119
-120
-121
-122
-123
-109
-110
-111
-112
-113
-114
-115
-116
-117
-118
-119
-120
-121
-122
-123
-111
-112
-113
-114
-115
-116
-117
-118
-119
-120
-121
-122
-123
-124
-112
-113
-114
-115
-116
-117
-118
-119
-120
-121
-122
-123
-124
-125
-113
-114
-115
-116
-117
-118
-119
-120
-121
-122
-123
-124
-125
-126
-114
-115
-116
-117
-118
-119
-120
-121
-122
-123
-124
-125
-126
-146
-147
-148
-149
-150
-151
-114
-115
-116
-117
-118
-119
-120
-121
-122
-123
-124
-125
-126
-127
-144
-145
-146
-147
-148
-149
-150
-151
-152
-153
-114
-115
-116
-117
-118
-119
-120
-121
-122
-123
-124
-125
-126
-127
-143
-144
-145
-146
-147
-148
-149
-150
-151
-152
-153
-154
-114
-115
-116
-117
-118
-119
-120
-121
-122
-123
-124
-125
-126
-127
-128
-142
-143
-144
-145
-146
-147
-148
-149
-150
-151
-152
-153
-154
-155
-114
-115
-116
-117
-118
-119
-120
-121
-122
-123
-124
-125
-126
-127
-128
-141
-142
-143
-144
-145
-146
-147
-148
-149
-150
-151
-152
-153
-154
-155
-156
-175
-114
-115
-116
-117
-118
-119
-120
-121
-122
-123
-124
-125
-126
-127
-128
-129
-139
-140
-141
-142
-143
-144
-145
-146
-147
-148
-149
-150
-151
-152
-153
-154
-155
-156
-157
-158
-172
-173
-174
-175
-114
-115
-116
-117
-118
-119
-120
-121
-122
-123
-124
-125
-126
-127
-128
-129
-138
-139
-140
-141
-142
-143
-144
-145
-146
-149
-150
-151
-152
-153
-154
-155
-156
-157
-158
-159
-171
-172
-173
-174
-175
-114
-115
-116
-117
-118
-119
-120
-121
-122
-123
-124
-125
-126
-127
-128
-129
-130
-137
-138
-139
-140
-141
-142
-143
-144
-145
-150
-151
-152
-153
-154
-155
-156
-157
-158
-159
-160
-161
-162
-163
-164
-165
-166
-167
-168
-169
-170
-171
-172
-173
-174
-175
-114
-115
-116
-117
-118
-119
-120
-121
-122
-123
-124
-125
-126
-127
-128
-129
-130
-137
-138
-139
-140
-141
-142
-143
-144
-145
-151
-152
-153
-154
-155
-156
-157
-158
-159
-160
-161
-162
-163
-164
-165
-166
-167
-168
-169
-170
-171
-172
-173
-174
-114
-115
-116
-117
-118
-119
-120
-121
-122
-123
-124
-125
-126
-127
-128
-129
-130
-131
-136
-137
-138
-139
-140
-141
-142
-143
-144
-152
-153
-154
-155
-156
-157
-158
-159
-160
-161
-162
-163
-164
-165
-166
-167
-168
-169
-170
-171
-172
-173
-174
-114
-115
-116
-117
-118
-119
-120
-121
-122
-123
-124
-125
-126
-127
-128
-129
-130
-131
-132
-133
-134
-135
-136
-137
-138
-139
-140
-141
-142
-143
-144
-154
-155
-156
-157
-158
-159
-160
-161
-162
-163
-164
-165
-166
-167
-168
-169
-170
-171
-172
-173
-174
-115
-116
-117
-118
-119
-120
-121
-122
-123
-124
-125
-126
-127
-128
-129
-130
-131
-132
-133
-134
-135
-136
-137
-138
-139
-140
-141
-142
-143
-157
-158
-159
-160
-161
-162
-163
-164
-165
-166
-167
-168
-169
-170
-171
-172
-173
-115
-116
-117
-118
-119
-120
-121
-122
-123
-124
-125
-126
-127
-128
-129
-130
-131
-132
-133
-134
-135
-136
-137
-138
-139
-140
-141
-142
-143
-160
-161
-162
-163
-164
-165
-166
-167
-168
-169
-170
-171
-172
-173
-115
-116
-117
-118
-119
-120
-121
-122
-123
-124
-125
-126
-127
-128
-129
-130
-131
-132
-133
-134
-135
-136
-137
-138
-139
-140
-141
-142
-163
-164
-165
-166
-167
-168
-169
-170
-171
-172
-173
-115
-116
-117
-118
-119
-120
-121
-122
-123
-124
-125
-126
-127
-128
-129
-130
-131
-132
-133
-134
-135
-136
-137
-138
-139
-140
-141
-142
-165
-166
-167
-168
-169
-170
-171
-172
-173
-115
-116
-117
-118
-119
-120
-121
-122
-123
-124
-125
-126
-127
-128
-129
-130
-131
-132
-133
-134
-135
-136
-137
-138
-139
-140
-141
-142
-166
-167
-168
-169
-170
-171
-172
-173
-115
-116
-117
-118
-119
-120
-121
-122
-123
-124
-125
-126
-127
-128
-129
-130
-131
-132
-133
-134
-135
-136
-137
-138
-139
-140
-141
-168
-169
-170
-171
-172
-116
-117
-118
-119
-120
-121
-122
-123
-124
-125
-126
-127
-128
-129
-130
-131
-132
-133
-134
-135
-136
-137
-138
-139
-140
-141
-169
-170
-171
-172
-116
-117
-118
-119
-120
-121
-122
-123
-124
-125
-126
-127
-128
-129
-130
-131
-132
-133
-134
-135
-136
-137
-138
-139
-140
-141
-117
-118
-119
-120
-121
-122
-123
-124
-125
-126
-127
-128
-129
-130
-131
-132
-133
-134
-135
-136
-137
-138
-139
-140
-141
-117
-118
-119
-120
-121
-122
-123
-124
-125
-126
-127
-128
-129
-130
-131
-132
-133
-134
-135
-136
-137
-138
-139
-140
-118
-119
-120
-121
-122
-123
-124
-125
-126
-127
-128
-129
-130
-131
-132
-133
-134
-135
-136
-137
-138
-139
-140
-141
-142
-143
-144
-145
-146
-147
-148
-149
-150
-151
-152
-153
-154
-155
-156
-157
-158
-159
-119
-120
-121
-122
-123
-124
-125
-126
-127
-128
-129
-130
-131
-132
-133
-134
-135
-136
-137
-138
-139
-140
-141
-142
-143
-144
-145
-146
-147
-148
-149
-150
-151
-152
-153
-154
-155
-156
-157
-158
-159
-160
-119
-120
-121
-122
-123
-124
-125
-126
-127
-128
-129
-130
-131
-132
-133
-134
-135
-136
-137
-138
-139
-140
-141
-142
-143
-144
-145
-146
-147
-148
-149
-150
-151
-152
-153
-154
-155
-156
-157
-158
-159
-160
-161
-120
-121
-122
-123
-124
-125
-126
-127
-128
-129
-130
-131
-132
-133
-134
-135
-136
-137
-138
-139
-140
-141
-142
-143
-144
-145
-146
-147
-148
-149
-150
-151
-152
-153
-154
-155
-156
-157
-158
-159
-160
-161
-120
-121
-122
-123
-124
-125
-126
-127
-128
-129
-130
-131
-132
-133
-134
-135
-136
-137
-138
-139
-140
-141
-142
-143
-144
-145
-146
-147
-148
-149
-150
-151
-152
-153
-154
-155
-156
-157
-158
-159
-160
-161
-162
-121
-122
-123
-124
-125
-126
-127
-128
-129
-130
-131
-132
-133
-134
-135
-136
-137
-138
-139
-140
-141
-142
-143
-144
-145
-146
-147
-148
-149
-150
-151
-152
-153
-154
-155
-156
-157
-158
-159
-160
-161
-162
-122
-123
-124
-125
-126
-127
-128
-129
-130
-131
-132
-133
-134
-135
-136
-137
-138
-139
-140
-141
-142
-143
-144
-145
-146
-147
-148
-149
-150
-151
-152
-153
-154
-155
-156
-157
-158
-159
-160
-161
-162
-123
-124
-125
-126
-127
-128
-129
-130
-131
-132
-133
-134
-135
-136
-137
-138
-139
-140
-141
-142
-143
-144
-145
-146
-147
-148
-149
-150
-151
-152
-153
-154
-155
-156
-157
-158
-159
-160
-161
-162
-163
-124
-125
-126
-127
-128
-129
-130
-131
-132
-133
-134
-135
-136
-137
-138
-139
-140
-141
-142
-143
-155
-156
-157
-158
-159
-160
-161
-162
-163
-126
-127
-128
-129
-130
-131
-132
-133
-134
-135
-136
-137
-138
-139
-140
-141
-142
-156
-157
-158
-159
-160
-161
-162
-163
-164
-127
-128
-129
-130
-131
-132
-133
-134
-135
-136
-137
-138
-139
-140
-141
-157
-158
-159
-160
-161
-162
-163
-164
-128
-129
-130
-131
-132
-133
-134
-135
-136
-137
-138
-139
-140
-158
-159
-160
-161
-162
-163
-164
-128
-129
-130
-131
-132
-133
-134
-135
-136
-137
-138
-139
-158
-159
-160
-161
-162
-163
-164
-165
-130
-131
-132
-133
-159
-160
-161
-162
-163
-164
-165
-160
-161
-162
-163
-164
-165
-166
-160
-161
-162
-163
-164
-165
-166
-160
-161
-162
-163
-164
-165
-166
-167
-161
-162
-163
-164
-165
-166
-167
-168
-161
-162
-163
-164
-165
-166
-167
-168
-162
-163
-164
-165
-166
-167
-168
-169
-164
-165
-166
-167
-168
-169
-170
-165
-166
-167
-168
-169
-170
-171
-172
-166
-167
-168
-169
-170
-171
-172
-173
-174
-167
-168
-169
-170
-171
-172
-173
-174
-175
-167
-168
-169
-170
-171
-172
-173
-174
-175
-176
-177
-178
-179
-167
-168
-169
-170
-171
-172
-173
-174
-175
-176
-177
-178
-179
-180
-167
-168
-169
-170
-171
-172
-173
-174
-175
-176
-177
-178
-179
-180
-168
-169
-170
-171
-172
-173
-174
-175
-176
-177
-178
-179
-180
-169
-170
-171
-172
-173
-174
-175
-176
-177
-178